292 0.8937959
215 0.8420358
301 0.83674455
557 0.8298659
953 0.81978774
62 0.81574357
505 0.8127927
838 0.8119556
365 0.8048143
598 0.80335826
213 0.79390025
826 0.7849996
189 0.7849251
104 0.7845668
259 0.78346467
729 0.77797425
896 0.7732644
814 0.7731954
725 0.7725307
8 0.7691949
202 0.7665519
366 0.7664765
517 0.7628419
230 0.75780636
440 0.752458
454 0.752312
314 0.7489022
397 0.7468818
705 0.74634
100 0.7448227
968 0.7429514
530 0.74184394
536 0.74133825
278 0.7413057
698 0.7329485
309 0.7314071
471 0.73059946
325 0.7272992
130 0.7257432
722 0.72266924
322 0.71907884
5 0.7178543
10 0.7176854
697 0.71487963
632 0.7106369
463 0.7068662
813 0.7061155
109 0.70198965
816 0.7016468
88 0.7008918
223 0.6991155
46 0.69576365
276 0.69442254
627 0.69194776
198 0.68959844
980 0.6874907
780 0.68622196
53 0.6858523
367 0.6855231
457 0.6837802
951 0.6817981
515 0.6810692
426 0.6810252
149 0.6801261
362 0.67732185
332 0.6752275
412 0.67457277
952 0.6739518
782 0.673584
815 0.67291296
501 0.6679824
892 0.6671338
931 0.6670955
283 0.6658469
882 0.6638166
894 0.6633245
579 0.662071
958 0.66116434
545 0.66094303
923 0.6603743
662 0.66034603
565 0.6602683
94 0.65763456
204 0.6554649
846 0.6530519
765 0.6498122
706 0.6493754
677 0.6473192
134 0.6468264
354 0.6460172
658 0.6459733
807 0.64521277
73 0.64519125
11 0.64402324
927 0.64348006
857 0.64264053
151 0.6414745
801 0.6411937
808 0.6384982
796 0.6377529
784 0.6370189
472 0.63691145
486 0.6340957
175 0.63306063
290 0.6328495
16 0.63267076
475 0.631792
430 0.630505
524 0.63005984
798 0.62876374
335 0.62836117
650 0.6282008
676 0.627366
630 0.6265159
751 0.6256724
221 0.62443984
984 0.62277216
321 0.62266976
93 0.6215104
748 0.6213526
97 0.621276
152 0.6207527
82 0.61976
972 0.618404
24 0.61795235
560 0.61747265
572 0.6167262
848 0.61668944
12 0.6165729
512 0.61597997
436 0.6152539
28 0.6141396
621 0.6130742
452 0.6105405
373 0.6100921
320 0.6096009
502 0.6095601
925 0.60927737
372 0.60856456
611 0.6080805
503 0.6071894
225 0.60681474
266 0.60673213
379 0.6057555
525 0.60518306
155 0.5984111
450 0.5966867
147 0.5955884
884 0.59480274
422 0.59460664
55 0.594495
731 0.5926327
818 0.5918221
216 0.5917974
727 0.59152704
493 0.59133583
83 0.5906753
219 0.59058446
480 0.5902245
453 0.5899886
356 0.5884265
344 0.5870132
903 0.5859445
409 0.5851946
51 0.5849483
42 0.5848878
869 0.5846559
683 0.5819086
913 0.5816688
644 0.5809033
761 0.5808201
218 0.58063346
30 0.58049154
865 0.57877177
854 0.5784007
103 0.5781336
802 0.5757664
203 0.57523626
339 0.5750863
704 0.5713345
137 0.57096803
289 0.56951064
254 0.5692354
402 0.5691943
570 0.56881565
92 0.5679163
371 0.5667633
258 0.56428105
68 0.563558
86 0.5630667
586 0.5624475
836 0.56241
708 0.56196386
143 0.5618429
902 0.56092596
389 0.5589299
924 0.55869925
607 0.5576233
511 0.5572137
707 0.5570535
542 0.556159
626 0.5559906
929 0.55565464
672 0.5551441
679 0.55395705
14 0.55371296
860 0.5532451
582 0.5522348
404 0.5497275
829 0.54963577
36 0.5493962
349 0.5489588
947 0.5488044
226 0.54876757
40 0.54871076
540 0.54854816
594 0.5476783
986 0.5472628
63 0.54687446
990 0.5466744
444 0.546375
315 0.5453277
247 0.54516834
57 0.54289764
246 0.54259986
740 0.54244465
589 0.5418522
873 0.541432
287 0.5411148
499 0.54094934
585 0.5406912
558 0.53979313
886 0.5394284
415 0.5388019
937 0.5376614
33 0.53678024
355 0.53651494
25 0.5364932
107 0.5358488
410 0.5355631
890 0.5352226
742 0.53508407
387 0.53348035
135 0.5299211
242 0.5296656
898 0.529051
559 0.52776796
566 0.5239552
775 0.5228085
209 0.52255356
817 0.5222666
692 0.5218105
534 0.52118313
200 0.52046883
299 0.5196666
237 0.5196131
614 0.5194985
700 0.5185275
690 0.51830155
694 0.51785946
316 0.51760626
80 0.51755637
34 0.5173575
991 0.51550055
989 0.5153682
353 0.51511943
852 0.51499337
587 0.51381314
928 0.5137247
876 0.5126688
811 0.5122552
646 0.5120721
162 0.51177335
163 0.51161957
263 0.5109932
418 0.51083595
64 0.509283
351 0.50791055
772 0.50573707
687 0.50567347
635 0.50375223
794 0.5035982
716 0.5034005
455 0.5033836
599 0.50287795
509 0.502746
331 0.5023214
383 0.5013508
622 0.5007276
291 0.5007258
250 0.500577
139 0.4988422
841 0.49841663
438 0.49806088
909 0.4978777
921 0.49597108
329 0.49560833
491 0.49460396
181 0.49379593
905 0.49356645
625 0.4934924
617 0.49298474
44 0.4924324
889 0.4923313
651 0.49214235
849 0.49185115
711 0.49176422
461 0.49158698
21 0.49155897
274 0.49139783
750 0.49007553
23 0.48908582
295 0.4890419
384 0.48865172
891 0.48843902
386 0.48789743
35 0.48716858
912 0.48682633
995 0.4859369
159 0.48571324
544 0.48563007
238 0.48535782
764 0.4843892
804 0.48263258
234 0.4810496
961 0.48063958
210 0.47948614
664 0.4778059
920 0.4775191
186 0.47721273
785 0.4771703
105 0.47654173
115 0.47629026
52 0.47609773
548 0.47571108
492 0.47521353
166 0.4741553
37 0.47394302
783 0.47366473
179 0.47341362
823 0.47320092
561 0.47309625
113 0.4730833
490 0.4730371
1000 0.47260672
333 0.4725075
435 0.4722233
140 0.4721957
494 0.47110292
84 0.47069657
403 0.47049752
647 0.46967053
337 0.46943486
950 0.46937525
878 0.469261
341 0.4680645
695 0.46728072
767 0.46712708
835 0.46684435
434 0.46651924
385 0.46644893
326 0.4646382
401 0.46412113
7 0.46326187
279 0.46318382
18 0.4629984
930 0.46204397
252 0.4613082
348 0.46114832
551 0.460295
987 0.46000984
459 0.45826188
944 0.45806092
988 0.4578345
847 0.45771784
636 0.45645192
671 0.45644262
22 0.45562938
158 0.45544565
6 0.45538294
936 0.45465833
474 0.45463482
380 0.45358863
693 0.45348057
423 0.45310265
577 0.45136195
184 0.45128113
712 0.45126957
656 0.45102686
277 0.4509329
211 0.45070428
227 0.4503446
771 0.45028156
855 0.4486034
478 0.44824106
249 0.44771835
38 0.4470437
774 0.44658408
691 0.44654644
488 0.4464663
54 0.4456405
657 0.4451594
824 0.44490245
69 0.44373125
119 0.44315636
957 0.44210592
282 0.4419588
406 0.4416041
71 0.44095963
187 0.43996614
660 0.4393818
396 0.43929708
985 0.43910992
770 0.4385432
428 0.43687078
427 0.43654865
190 0.43651423
856 0.43645522
120 0.43563902
433 0.435218
176 0.4334872
915 0.432113
294 0.43210393
208 0.4313057
864 0.43129936
917 0.4306912
303 0.43065137
304 0.43024832
895 0.42974165
523 0.42967826
877 0.42957115
699 0.42926183
907 0.42753208
733 0.42708567
161 0.42700332
391 0.42699087
526 0.4264092
665 0.42640892
167 0.42638028
721 0.42625487
875 0.4232241
965 0.42276892
399 0.4223809
513 0.42173192
142 0.4216089
954 0.4215202
883 0.42107582
508 0.42095438
803 0.4196408
739 0.4193559
311 0.4193507
460 0.4192888
943 0.4189267
922 0.41836205
261 0.41828603
723 0.4162513
962 0.41481644
381 0.41474432
538 0.41372386
264 0.41367185
562 0.41288272
688 0.41260538
631 0.41246367
666 0.4117724
346 0.41078466
521 0.40847468
797 0.4081149
827 0.40809312
588 0.40787536
887 0.40764886
609 0.4072888
388 0.4062123
398 0.40440097
382 0.4038716
724 0.40349254
148 0.40307555
911 0.40270436
714 0.40140772
655 0.4007754
993 0.40017682
420 0.39983281
31 0.39975572
197 0.39972147
267 0.39923775
183 0.39922258
584 0.399193
867 0.39912742
306 0.3976465
20 0.39727792
324 0.3970007
978 0.3958878
689 0.39487505
831 0.39458525
966 0.39407542
918 0.393993
762 0.3931062
510 0.3930185
484 0.39286178
747 0.39261085
763 0.39256248
394 0.39248097
520 0.39217004
946 0.39205483
61 0.39162144
131 0.39148387
822 0.39118934
597 0.39038774
821 0.38938993
78 0.3887141
574 0.38789144
661 0.38704512
102 0.38663912
405 0.38651696
645 0.3839589
832 0.38366488
112 0.3830677
608 0.38275018
160 0.38253528
880 0.3822446
788 0.38208055
87 0.38158748
328 0.38076672
108 0.38066357
789 0.38056672
193 0.38001004
319 0.37840402
343 0.37822095
483 0.37818918
124 0.37786573
110 0.37781018
870 0.37752312
719 0.3766892
165 0.37591907
244 0.3758934
19 0.37578884
726 0.37545273
178 0.3751143
564 0.37486947
128 0.37435758
973 0.37420303
127 0.3736715
416 0.3734862
85 0.3730287
806 0.37239766
634 0.36905426
39 0.36901215
72 0.36891657
177 0.3677766
834 0.36769068
859 0.36706147
682 0.36613515
853 0.3660492
146 0.36597416
550 0.36586082
885 0.36581933
535 0.36548322
260 0.364674
744 0.364674
359 0.36422023
269 0.36337924
1 0.36319348
828 0.36306018
122 0.36096635
674 0.36082068
253 0.36072344
837 0.36052433
307 0.35964394
275 0.35848153
318 0.35837954
207 0.35818645
567 0.35814533
164 0.35683018
477 0.35632554
982 0.35622537
759 0.35604444
465 0.3558606
357 0.35462618
868 0.35442558
596 0.3543152
529 0.35386524
606 0.3536981
793 0.3527853
432 0.35217085
26 0.35120016
191 0.34950048
781 0.34944516
236 0.34923458
745 0.34898016
791 0.3485397
363 0.34787276
576 0.34770426
637 0.34686977
906 0.34620237
327 0.34594476
872 0.34575668
228 0.34429735
684 0.34350833
3 0.34327632
820 0.34308973
466 0.34261778
172 0.3413617
171 0.34023234
610 0.340008
74 0.33976024
79 0.33968407
476 0.339453
317 0.33882138
245 0.33797032
185 0.33794016
446 0.3373199
552 0.3372017
281 0.33701056
615 0.3366634
578 0.33545244
718 0.33503336
979 0.33434415
752 0.33415166
730 0.33212295
45 0.33196342
395 0.3316287
17 0.3297613
56 0.32966712
756 0.32917523
663 0.32740504
531 0.32674804
50 0.32415158
361 0.3235937
799 0.32287297
541 0.3226719
437 0.321689
863 0.32168826
773 0.32165533
983 0.32160982
901 0.31876147
413 0.31853276
519 0.31834888
485 0.31826645
470 0.3180559
77 0.31804326
888 0.31738296
233 0.31554255
702 0.31552657
4 0.31457874
297 0.31432354
612 0.31383958
643 0.31373137
469 0.31298587
414 0.31273016
960 0.31172857
605 0.31090683
240 0.31006688
156 0.30932713
703 0.30917388
623 0.30891883
67 0.30821133
338 0.30778852
48 0.30643567
251 0.3063215
686 0.3062851
737 0.30580494
217 0.3053272
498 0.30452597
169 0.3024744
336 0.30239683
833 0.30151755
157 0.30124187
300 0.2998003
741 0.2996128
32 0.2994223
456 0.2989428
272 0.29634768
439 0.2961544
734 0.29583627
996 0.29578045
312 0.29577142
602 0.2948576
368 0.29458365
900 0.29333478
839 0.29287478
595 0.29232988
408 0.29231608
500 0.2922698
840 0.2920819
377 0.29140475
419 0.29103905
296 0.29097784
969 0.29089582
262 0.29005867
205 0.28994873
265 0.28973758
618 0.2892524
713 0.28922346
201 0.28841358
496 0.28782362
429 0.28706473
934 0.28690982
41 0.28637305
270 0.2857694
479 0.28566483
126 0.2849462
997 0.28342918
150 0.28331006
533 0.28238028
981 0.28236544
955 0.2822202
231 0.28218484
116 0.28205353
313 0.28195477
111 0.28150806
369 0.28131157
481 0.28110057
654 0.2799544
527 0.2792976
518 0.27765384
248 0.27738518
963 0.27738348
224 0.2768474
652 0.2761419
358 0.2759516
90 0.27538633
99 0.2750461
49 0.2744456
443 0.27363133
114 0.27044478
948 0.27037644
390 0.2700654
425 0.26954257
342 0.26899156
648 0.26727018
573 0.26717758
604 0.266848
795 0.2663718
971 0.2662548
482 0.26452944
539 0.2639713
504 0.2636133
194 0.26336682
776 0.26177293
310 0.2616406
232 0.26155353
755 0.26150033
286 0.2603033
95 0.26029372
640 0.25989622
60 0.25828955
196 0.2582253
897 0.25780216
592 0.25739563
257 0.25668323
916 0.25660574
701 0.25425902
284 0.25409898
975 0.2534542
717 0.25306064
305 0.24814788
842 0.24799195
851 0.24719055
467 0.24480458
777 0.24477464
76 0.24370576
222 0.24366145
769 0.24337901
352 0.2432575
893 0.24262694
449 0.24218655
768 0.24093442
528 0.24048176
168 0.23964557
619 0.23925838
507 0.23709436
229 0.23278421
364 0.2326349
495 0.23243038
173 0.23179372
400 0.23154807
145 0.23059183
302 0.22973365
787 0.22950186
334 0.22692268
964 0.22639608
239 0.2263756
861 0.22623338
378 0.22414578
642 0.22343922
447 0.22167225
101 0.22080503
375 0.21982753
736 0.21975476
616 0.21803178
288 0.21746895
977 0.2166901
141 0.21610713
506 0.21549103
580 0.21433102
601 0.21420933
2 0.21303096
345 0.21300238
350 0.21297155
293 0.21271251
649 0.21264388
220 0.21253736
376 0.21245712
810 0.21238182
129 0.2121496
760 0.2101663
812 0.20967148
639 0.20932569
154 0.20929283
819 0.20876226
522 0.20857872
91 0.20779498
879 0.20655733
667 0.20506887
180 0.20425424
370 0.20310067
123 0.19902433
910 0.19791292
464 0.1928605
720 0.1927413
546 0.19192547
659 0.19055347
285 0.18963596
65 0.18598588
600 0.18587916
926 0.1843899
935 0.18283996
407 0.18281665
43 0.18213768
641 0.18145299
749 0.18026647
709 0.1793075
874 0.17926392
710 0.1749123
340 0.1722774
212 0.17142199
590 0.17030947
939 0.16964217
271 0.1692983
121 0.16705687
956 0.1669652
547 0.16644084
850 0.1648796
620 0.16450898
15 0.15845269
844 0.15843716
613 0.15770513
992 0.15552583
669 0.15548143
754 0.15506662
575 0.15479717
628 0.15281925
941 0.15135217
845 0.15014079
581 0.14918779
668 0.14591444
417 0.14562261
685 0.1437554
753 0.14364983
195 0.1436145
843 0.14023346
214 0.13896169
919 0.13873065
431 0.13678725
199 0.13552053
758 0.13429506
967 0.13263717
256 0.12981984
374 0.1281479
543 0.12670124
778 0.12558717
89 0.12352902
881 0.123400256
728 0.123188294
976 0.12287032
81 0.12234808
933 0.12220761
58 0.11889627
633 0.118477516
174 0.116530724
738 0.11615613
96 0.11475264
442 0.11403788
241 0.11313554
75 0.11240379
411 0.11228957
298 0.11212569
591 0.1108893
568 0.110876605
268 0.110794246
347 0.11057589
974 0.11025718
462 0.10955531
858 0.10701376
908 0.10654254
13 0.10546094
182 0.10166683
66 0.1007743
945 0.09890007
458 0.09881502
790 0.09829724
871 0.097907476
273 0.097362936
473 0.09599111
825 0.09499258
673 0.0904275
70 0.08996041
117 0.08834792
743 0.08808984
571 0.087078325
959 0.08641173
448 0.085517876
830 0.08500763
563 0.082618274
556 0.08168884
392 0.080784686
424 0.07827479
393 0.076692544
549 0.07667673
206 0.075681865
638 0.07537901
899 0.075168334
27 0.074917555
323 0.074324384
192 0.074076146
786 0.07361217
555 0.07268481
735 0.07149364
866 0.070482016
862 0.06994839
732 0.06793005
932 0.06617857
680 0.06578154
678 0.06508078
497 0.062827826
47 0.061945163
938 0.061000984
118 0.06095555
451 0.059508607
330 0.05863782
59 0.05688042
949 0.05632234
675 0.051808704
766 0.048695043
243 0.044656556
696 0.04331211
998 0.042586353
970 0.039964624
136 0.03593599
255 0.035346504
360 0.027672738
553 0.02685442
904 0.024122236
308 0.019338898
805 0.019049255
715 0.012810232
999 0.011169679
144 0.01046997
235 0.002878881
800 0.0023939675
670 0.0023465627
98 0.00016454973
9 0
106 0
132 0
133 0
138 0
188 0
421 0
468 0
489 0
514 0
516 0
532 0
569 0
593 0
624 0
629 0
653 0
681 0
792 0
914 0
942 0
994 0
809 -0.006768385
125 -0.017947963
603 -0.019335998
779 -0.024106964
940 -0.02554838
554 -0.03389933
441 -0.04641034
537 -0.04717813
29 -0.050192192
170 -0.05616681
746 -0.057909813
153 -0.07260245
445 -0.085160926
487 -0.11037498
280 -0.13757524
583 -0.13988249
757 -0.15275674