1.0000001
0.26468626
0.60758865
0.62836206
1.0000001
1.0
1.0000001
1.0000001
-100
1.0
1.0
0.8163731
0.27287203
0.6374575
1.0000001
0.5478609
0.37161246
1.0000001
1.0000001
1.0000001
0.6231479
0.7095434
0.4771899
1.0000001
0.6115412
1.0000001
0.4103684
1.0000001
0.49651814
0.6327971
1.0000001
0.4698317
1.0
1.0000001
1.0000001
1.0000001
0.5661446
0.50484055
1.0000001
1.0000001
0.5030902
1.0000001
0.61558807
1.0
0.58062047
1.0000001
0.18284947
0.32131636
0.47728524
0.45620102
0.43371788
1.0000001
1.0000001
1.0000001
1.0000001
0.2956508
1.0
1.0000001
0.33821374
1.0000001
0.5512714
1.0000001
0.47355127
0.6140663
1.0000001
0.23688018
0.5453847
0.70857865
0.58490926
0.2909848
0.6216154
1.0
1.0000001
0.59394455
0.33099923
1.0000001
0.33703882
0.76173985
0.37769043
1.0000001
0.43225715
0.7199144
1.0
1.0
1.0000001
1.0
0.5375414
1.0000001
0.3745003
0.4269387
1.0
1.0000001
1.0
1.0
1.0000001
0.26107356
0.6029538
1.0
1.0
1.0000001
0.39436802
0.31742483
0.5234302
1.0000001
0.68713295
-100
0.4416915
0.2669349
1.0
0.44640285
0.5568709
1.0
1.0000001
0.642894
1.0
1.0
0.36668277
0.22805901
0.78548735
1.0000001
1.0000001
0.65686756
0.36606032
0.5477485
-0.016432418
0.26924396
0.43124026
0.38238904
0.5213534
1.0
0.5751956
-100
-100
0.46610567
0.44592842
0.2874105
1.0000001
-100
1.0
0.55965036
0.6405353
0.57088184
0.5928247
0.18766454
0.3853105
0.3620849
1.0000001
0.56080955
1.0
0.4402176
1.0000001
1.0000001
0.1054144
0.3721465
1.0000001
0.54887617
0.44892073
0.44186452
1.0
1.0
1.0000001
1.0000001
1.0
0.42794186
0.45633695
0.60914874
1.0000001
0.61490417
0.5827301
0.2513545
0.35445568
0.6419779
0.34640056
0.116530724
1.0
1.0000001
0.40975016
0.56149006
1.0
0.5240942
0.49379593
0.43981007
0.434594
1.0000001
0.3818484
1.0
0.62334913
-100
1.0000001
0.69319403
0.3418285
0.29924127
0.50348294
0.70620644
0.26840207
1.0000001
0.49893424
1.0000001
0.25856084
1.0000001
0.55607724
1.0000001
0.82518536
0.6513249
0.44790766
0.12377906
0.28933436
1.0
1.0000001
1.0000001
0.64976907
0.53550917
1.0000001
0.36656687
1.0000001
1.0000001
1.0
0.6238642
1.0
0.26983726
1.0
0.47947383
1.0
0.4519275
1.0000001
1.0
1.0
0.549003
0.21150683
1.0000001
1.0000001
0.42195407
0.3441157
1.0000001
0.20888415
0.36526906
0.77930623
0.46857443
0.38504028
0.6474897
0.38899037
1.0
0.23594458
1.0
0.7947636
0.5612724
0.4976446
0.64760023
0.57649964
1.0000001
0.42260346
1.0
0.3737352
1.0000001
0.22535291
0.23703414
0.6290384
1.0
1.0000001
0.44897583
0.64625585
0.46781337
1.0000001
1.0000001
0.41267836
1.0000001
0.7964346
0.29778072
0.5912113
0.37534812
0.46865657
0.6480272
0.4731631
1.0
1.0
1.0
0.5506188
1.0000001
0.82591736
0.15349837
0.5190662
0.43334997
1.0
0.42727357
1.0000001
0.41956142
0.6762902
0.36570242
0.7268506
0.55591154
0.6581739
1.0000001
0.33113047
0.3384426
1.0000001
0.28707352
0.22241612
0.48373097
0.646221
0.4229167
1.0000001
0.31235215
0.4160791
0.4874843
0.38532248
1.0000001
0.58822757
0.26462764
1.0000001
0.5290219
0.73560786
1.0000001
0.26924396
1.0000001
0.6042453
1.0
1.0
0.3197138
0.387269
0.6337054
1.0000001
1.0000001
0.38845435
0.43447486
0.73652864
1.0000001
0.6432998
1.0000001
1.0
0.4151705
0.43094823
0.71179557
0.692675
0.28196457
1.0
0.37315816
1.0
0.57860327
0.54857516
0.34475797
1.0000001
0.31499305
0.42843428
1.0000001
0.34337685
1.0000001
0.24929427
0.6871075
1.0
0.5236961
1.0000001
0.3754248
0.63269216
0.6421931
1.0
0.5207663
0.760917
1.0
1.0
1.0000001
0.6759723
0.90167964
0.52314246
0.5555712
1.0
1.0000001
1.0
0.289965
0.3024156
1.0000001
1.0
1.0
1.0000001
0.2658267
0.435059
0.5175194
0.5389371
0.3791379
0.6049066
1.0
1.0000001
0.4698061
1.0000001
0.6150924
1.0000001
1.0
0.6130584
0.6053795
1.0
0.43605453
0.45716867
0.3205091
0.40554038
0.32757798
0.43168223
0.40378198
1.0000001
0.60040295
1.0000001
0.35498923
1.0000001
1.0000001
1.0000001
0.5624959
0.36578128
0.57487553
0.30706906
0.49684772
1.0000001
1.0000001
0.39203605
1.0
1.0000001
0.63574415
1.0
0.53349525
0.40719065
0.52482045
1.0
0.403831
-100
1.0000001
0.45988336
0.13259338
0.3277573
1.0000001
0.62558675
0.64879435
1.0000001
1.0000001
0.5865453
0.52739346
0.8008005
1.0
1.0
1.0
0.40008757
0.6198962
1.0
1.0
0.26015633
0.17929237
0.26924396
1.0
0.33614257
1.0
0.26754358
0.42216605
0.9689016
1.0
0.4464367
1.0
0.6074715
1.0000001
1.0000001
0.46083215
1.0
0.36523277
0.6068338
0.5602021
0.78641194
0.26956388
1.0000001
0.31630996
0.47317564
1.0000001
1.0000001
-100
1.0000001
0.3616157
1.0000001
0.5629916
0.3415229
0.42199022
0.67708695
0.23751307
0.42114276
1.0
1.0000001
0.58922154
0.34934226
1.0000001
0.61592567
0.3672711
0.6382909
0.6480884
0.24374986
0.46785736
-100
1.0000001
0.660373
0.42632654
0.5512021
1.0
0.56762797
1.0000001
0.24181299
1.0000001
1.0000001
0.48439148
1.0000001
1.0000001
1.0
0.37876606
1.0
0.2882631
0.5862313
0.56436753
1.0000001
1.0000001
1.0000001
1.0000001
0.60674983
-100
1.0
-100
1.0000001
0.39157933
0.39199936
1.0
0.4662885
0.3324129
0.82092625
0.67190266
0.5778984
1.0000001
0.2792976
0.675079
1.0000001
1.0000001
0.31364852
-100
1.0000001
0.5023333
0.6614376
1.0000001
0.07399103
0.33492184
0.4402363
1.0000001
0.3067285
1.0
0.24745761
0.5972016
1.0
0.36660415
1.0000001
0.40316314
0.13727647
1.0
0.60070497
0.4392888
0.16720256
0.5250109
0.41238824
0.24656866
1.0
0.7398222
0.7175445
1.0000001
0.7092409
0.3444267
0.14898546
0.41993052
1.0000001
1.0000001
1.0000001
0.41095608
-100
0.66595095
0.15817463
0.4709548
0.29778764
0.49441493
0.42887488
0.5390379
0.5006319
0.356904
1.0000001
1.0000001
0.35658535
0.64372784
0.004230204
1.0
0.6027495
1.0000001
0.496231
1.0
1.0000001
0.4877021
0.25323716
0.2645758
-100
1.0
0.49553892
1.0000001
0.3936274
0.64879435
0.52482045
1.0000001
0.7217485
0.44711637
0.34469444
0.40606803
0.55729777
1.0
1.0000001
0.5813003
0.53998375
0.30529
1.0
0.32932752
0.59455246
1.0000001
0.6472161
0.40761638
0.5281153
0.30419376
0.65344626
0.3706356
1.0000001
1.0
1.0
-100
1.0000001
1.0
1.0000001
0.23327833
-100
1.0000001
0.39132643
1.0000001
0.31499305
0.6136504
0.40235558
1.0
0.5234888
0.24794799
0.31707585
0.723529
1.0
1.0000001
1.0000001
1.0000001
0.5638886
0.55408365
1.0000001
0.46535203
0.27764866
1.0
1.0000001
0.5536154
-100
0.20165256
0.48785338
0.64264
0.5192168
1.0000001
0.35182014
1.0000001
0.5823097
1.0000001
1.0
0.7743525
0.7093143
1.0000001
0.20163621
0.27649927
0.123335026
0.084879585
1.0000001
0.6597951
0.38585722
1.0
0.11420728
1.0
1.0
0.48143345
1.0000001
0.41187727
-100
1.0
1.0000001
0.3226082
0.19530052
0.36443052
1.0000001
1.0
0.52461535
1.0000001
1.0000001
0.54161286
0.65959656
1.0000001
1.0000001
0.16118734
1.0
1.0000001
0.47326255
0.64357835
0.46395838
0.32646576
0.5504584
1.0000001
1.0000001
1.0000001
1.0000001
1.0000001
0.33759642
0.28320223
1.0
1.0000001
0.57397866
0.5581827
0.1209984
0.40841663
0.29726925
0.53569984
0.37773973
0.38106552
1.0
1.0000001
1.0
0.40276885
1.0
1.0
1.0
0.28400287
1.0
1.0000001
1.0000001
0.07525598
0.7314539
1.0
0.24985681
0.31227356
1.0000001
0.20570816
0.5067039
0.63987696
0.41769427
1.0
0.17713836
0.44897583
1.0
0.47230375
0.5560471
1.0
0.40256014
1.0
1.0000001
0.30451024
0.2934566
0.2350662
0.33100435
0.5687719
0.31970385
0.31099504
0.32588488
0.31659737
1.0
1.0000001
0.74763995
0.56508994
1.0
0.26807186
0.4319071
1.0
0.33812416
0.46501008
0.44124243
0.5710156
1.0
0.5310925
0.62495506
1.0
0.5762908
0.73560786
0.3333709
1.0000001
1.0
1.0
1.0000001
1.0000001
0.56444544
0.24477462
0.389364
0.3571684
0.36186066
0.37206826
0.42179933
-100
0.32542467
1.0000001
0.46610567
0.77297777
0.5210985
1.0000001
1.0
0.2094539
1.0
1.0
0.32362387
1.0000001
0.28528312
0.4167216
0.7873823
0.6922277
0.28240263
0.4291003
1.0
0.26681718
1.0000001
1.0
1.0000001
1.0000001
0.39000717
1.0
0.346433
0.4800714
1.0
0.6948683
0.68238026
0.61480975
0.25734416
1.0000001
1.0000001
0.65025336
0.750893
0.11634394
0.51464266
1.0000001
0.54072267
0.41781628
0.41192877
1.0000001
0.60758865
1.0000001
0.48370704
0.31535056
1.0
0.4382048
0.3566998
0.24265069
0.38926774
0.6377093
1.0000001
0.4873725
1.0000001
0.43231338
0.4989758
1.0000001
0.33406603
1.0000001
1.0
1.0
1.0000001
0.34204844
0.4952496
1.0000001
0.49076924
0.59454864
0.38283294
1.0000001
0.660729
0.15035002
1.0000001
0.6231479
1.0
0.5230334
0.3239591
0.42617318
1.0000001
0.27558205
0.41832685
0.6592414
0.661371
0.83892494
0.5003113
0.4326315
0.29234636
1.0000001
1.0
0.5674659
0.39729196
1.0000001
0.51234883
1.0000001
1.0000001
1.0
1.0000001
1.0
0.5590209
1.0
1.0
1.0000001
0.48415866
1.0
0.13902117
0.57305115
0.5478128
0.523368
1.0
0.4065885
0.5891198
1.0
0.41112474
0.30171746
0.6393782
0.38528532
0.65739536
0.49046886
1.0
-100
0.3372333
1.0000001
1.0000001
0.43955904
0.24516807
0.62659454
0.61759204
0.54662067
1.0000001
1.0
1.0000001
0.27471617
1.0000001
1.0000001
1.0000001
1.0000001
1.0
0.21854414
0.24030922
0.6713845
0.41182363
1.0000001
0.5769068
0.27026042
0.44920474
0.24002893
0.45120946
-100
0.5090135
1.0
0.28870413
1.0000001
0.5568175
1.0
0.18185434
0.5576971
1.0
1.0000001
1.0000001
1.0000001
0.5515275
0.55704516
1.0
1.0
0.22646628
0.44372106
0.4064974
1.0
0.41973287
0.42457873
1.0
1.0
0.31002194
1.0000001
1.0000001
0.25802642
0.36805823
1.0000001
1.0
0.23287657
0.4149852
0.18801372
0.5389371
1.0000001
0.5813003
1.0000001
0.34203956
0.7012346
1.0
1.0
0.66024464
1.0000001
0.3823214
1.0000001
0.32076785
1.0000001
1.0
0.5158734
1.0
-100
1.0000001
0.33692044
0.45532912
0.3965996
0.22712624
1.0